A	10 01 2020	Buy	  150	10300.140
B	24 02 2018	Buy	  85	7423.050
C	8  08 2018	Buy	  43	3367.760
D	11 11 2018	Buy	  78	7028.580
E	8  12 2018	Sell	55	5958.150
F	22 12 2019	Sell	80	2817.600
G	04 01 2019	Buy	  65	3257.1501
H	07 05 2019	Buy	  65	4557.150
I	14 06 2019	Sell  80	4451.200
J	16 07 2019	Buy	  25	1752.750
K	19 07 2019	Sell  90	6780.600
L	20 10 2017	Buy	  100	9011.000
M	16 07 2016	Buy	  25	1752.750
N	19 07 2018	Sell  90	6780.600
O	19 09 2016	Sell  90	6780.600
P	16 07 2016	Buy	  25	1752.750
Q	19 07 2018	Sell  90	6780.600
R	19 09 2016	Sell  90	6780.600
S	20 10 2017	Buy	  100	9011.000
T	16 07 2016	Buy	  25	1752.750
U	19 07 2018	Sell  90	6780.600
V	19 09 2016	Sell  90	6780.600
W	16 07 2016	Buy	  25	1752.750
X	19 07 2018	Sell  90	6780.600
Y	19 09 2016	Sell  90	6780.600
N	19 07 2018	Sell  90	6780.600
O	19 09 2016	Sell  90	6780.600
P	16 07 2016	Buy	  25	1752.750
Q	19 07 2018	Sell  90	6780.600
R	19 09 2016	Sell  90	6780.600
S	20 10 2017	Buy	  100	9011.000
T	16 07 2016	Buy	  25	1752.750
U	19 07 2018	Sell  90	6780.600
V	19 09 2016	Sell  90	6780.600
W	16 07 2016	Buy	  25	1752.750
X	19 07 2018	Sell  90	6780.600
Y	19 09 2016	Sell  90	6780.600
N	19 07 2018	Sell  90	6780.600
O	19 09 2016	Sell  90	6780.600
P	16 07 2016	Buy	  25	1752.750
Q	19 07 2018	Sell  90	6780.600
R	19 09 2016	Sell  90	6780.600
S	20 10 2017	Buy	  100	9011.000
T	16 07 2016	Buy	  25	1752.750
U	19 07 2018	Sell  90	6780.600
V	19 09 2016	Sell  90	6780.600
W	16 07 2016	Buy	  25	1752.750
X	19 07 2018	Sell  90	6780.600
Y	19 09 2016	Sell  90	6780.600
N	19 07 2018	Sell  90	6780.600
O	19 09 2016	Sell  90	6780.600
P	16 07 2016	Buy	  25	1752.750
Q	19 07 2018	Sell  90	6780.600
R	19 09 2016	Sell  90	6780.600
S	20 10 2017	Buy	  100	9011.000
T	16 07 2016	Buy	  25	1752.750
U	19 07 2018	Sell  90	6780.600
V	19 09 2016	Sell  90	6780.600
W	16 07 2016	Buy	  25	1752.750
X	19 07 2018	Sell  90	6780.600
Y	19 09 2016	Sell  90	6780.600
N	19 07 2018	Sell  90	6780.600
O	19 09 2016	Sell  90	6780.600
P	16 07 2016	Buy	  25	1752.750
Q	19 07 2018	Sell  90	6780.600
R	19 09 2016	Sell  90	6780.600
S	20 10 2017	Buy	  100	9011.000
T	16 07 2016	Buy	  25	1752.750
U	19 07 2018	Sell  90	6780.600
V	19 09 2016	Sell  90	6780.600
W	16 07 2016	Buy	  25	1752.750
X	19 07 2018	Sell  90	6780.600
Y	19 09 2016	Sell  90	6780.600
N	19 07 2018	Sell  90	6780.600
O	19 09 2016	Sell  90	6780.600
P	16 07 2016	Buy	  25	1752.750
Q	19 07 2018	Sell  90	6780.600
R	19 09 2016	Sell  90	6780.600
S	20 10 2017	Buy	  100	9011.000
T	16 07 2016	Buy	  25	1752.750
U	19 07 2018	Sell  90	6780.600
V	19 09 2016	Sell  90	6780.600
W	16 07 2016	Buy	  25	1752.750
X	19 07 2018	Sell  90	6780.600
Y	19 09 2016	Sell  90	6780.600
N	19 07 2012	Sell  90	6780.600
O	19 09 2016	Sell  90	6780.600
P	16 07 2011	Buy	  25	1752.750
Q	19 07 2018	Sell  90	6780.600
R	19 09 2016	Sell  90	6780.600
S	20 10 2017	Buy	  100	9011.000
T	16 07 2016	Buy	  25	1752.750
U	19 07 2018	Sell  90	6780.600
V	19 09 2016	Sell  90	6780.600
W	16 07 2016	Buy	  25	1752.750
X	19 07 2018	Sell  90	6780.600
Y	19 09 2016	Sell  90	6780.600
N	19 07 2018	Sell  90	6780.600
O	19 09 2016	Sell  90	6780.600
P	16 07 2016	Buy	  25	1752.750
Q	19 07 2018	Sell  90	6780.600
R	19 09 2016	Sell  90	6780.600
S	20 10 2017	Buy	  100	9011.000
T	16 07 2016	Buy	  25	1752.750
U	19 07 2018	Sell  90	6780.600
V	19 09 2016	Sell  90	6780.600
W	16 07 2016	Buy	  25	1752.750
X	19 07 2018	Sell  90	6780.600
Y	19 09 2014	Sell  90	6780.600
N	19 07 2018	Sell  90	6780.600
O	19 09 2016	Sell  90	6780.600
P	16 07 2016	Buy	  25	1752.750
Q	19 07 2018	Sell  90	6780.600
R	19 09 2001	Sell  90	6780.600
S	20 10 2017	Buy	  100	9011.000
T	16 07 2016	Buy	  25	1752.750
U	19 07 2018	Sell  90	6780.600
V	19 09 2016	Sell  90	6780.600
W	16 07 2016	Buy	  25	1752.750
X	19 07 2020	Sell  90	6780.600
Y	19 09 2009	Sell  90	6780.600
